215	146	124	144	210	116	129	113	206	87	134	85	191	66	148	65	187	45	155	45	/home/linh/Desktop/data/tete/original/Tete_001.JPG
198	136	111	134	193	106	116	104	189	76	120	74	176	53	132	54	170	34	137	34	/home/linh/Desktop/data/tete/original/Tete_002.JPG
227	142	136	144	223	114	140	115	215	88	144	89	199	66	156	67	194	47	156	47	/home/linh/Desktop/data/tete/original/Tete_003.JPG
212	149	117	143	209	116	125	111	206	87	129	82	193	63	146	60	190	44	151	42	/home/linh/Desktop/data/tete/original/Tete_004.JPG
226	141	137	137	224	110	142	108	219	81	146	79	207	57	160	55	203	40	164	38	/home/linh/Desktop/data/tete/original/Tete_005.JPG
208	140	123	136	206	111	128	108	200	83	135	78	189	60	146	58	182	42	149	41	/home/linh/Desktop/data/tete/original/Tete_006.JPG
230	139	142	136	226	109	148	107	222	79	151	77	208	56	163	55	201	36	166	36	/home/linh/Desktop/data/tete/original/Tete_007.JPG
197	134	111	140	190	107	114	111	183	74	118	75	169	52	126	55	162	31	128	34	/home/linh/Desktop/data/tete/original/Tete_008.JPG
223	133	129	136	217	104	133	106	210	74	138	76	196	51	150	54	193	32	153	34	/home/linh/Desktop/data/tete/original/Tete_009.JPG
209	140	126	143	204	112	131	114	198	82	134	83	186	61	145	63	178	40	148	42	/home/linh/Desktop/data/tete/original/Tete_010.JPG
216	130	120	125	214	98	127	94	208	61	131	61	196	36	146	35	189	13	148	13	/home/linh/Desktop/data/tete/original/Tete_011.JPG
209	139	124	131	208	112	133	103	207	78	139	72	195	55	154	52	193	32	157	30	/home/linh/Desktop/data/tete/original/Tete_012.JPG
215	133	128	128	214	104	134	100	209	74	140	70	197	50	153	49	194	29	157	28	/home/linh/Desktop/data/tete/original/Tete_013.JPG
202	142	120	142	198	115	122	115	194	82	126	82	181	60	137	61	176	39	140	40	/home/linh/Desktop/data/tete/original/Tete_014.JPG
223	142	131	148	217	113	138	113	214	80	140	81	199	55	154	58	193	33	155	36	/home/linh/Desktop/data/tete/original/Tete_015.JPG
210	130	126	134	205	102	130	104	199	73	136	71	186	51	146	54	180	33	148	34	/home/linh/Desktop/data/tete/original/Tete_016.JPG
222	133	132	134	218	102	136	102	213	73	141	72	201	47	153	48	195	28	159	28	/home/linh/Desktop/data/tete/original/Tete_017.JPG
211	139	125	136	208	112	132	108	204	79	139	76	195	57	150	55	190	36	156	37	/home/linh/Desktop/data/tete/original/Tete_018.JPG
222	135	133	147	214	108	133	117	204	76	132	83	187	54	142	60	178	34	143	39	/home/linh/Desktop/data/tete/original/Tete_019.JPG
217	140	128	137	213	106	133	107	210	73	138	73	197	49	152	49	190	26	157	28	/home/linh/Desktop/data/tete/original/Tete_020.JPG
228	135	132	138	222	103	134	105	214	72	138	76	198	47	150	50	192	25	153	28	/home/linh/Desktop/data/tete/original/Tete_021.JPG
219	144	131	141	217	114	137	110	219	93	141	85	201	65	156	65	196	49	161	49	/home/linh/Desktop/data/tete/original/Tete_022.JPG
231	162	145	153	231	138	150	128	230	106	159	98	218	81	175	78	215	62	180	60	/home/linh/Desktop/data/tete/original/Tete_023.JPG
222	138	133	137	217	109	139	109	212	79	143	78	200	55	156	55	195	35	161	36	/home/linh/Desktop/data/tete/original/Tete_024.JPG
225	119	139	115	221	92	144	89	220	66	149	60	205	40	162	38	201	20	168	20	/home/linh/Desktop/data/tete/original/Tete_025.JPG
222	120	137	113	218	91	144	86	217	66	150	61	206	44	163	42	202	28	165	27	/home/linh/Desktop/data/tete/original/Tete_026.JPG
225	115	136	112	222	88	143	84	219	63	147	60	205	41	161	40	203	24	164	23	/home/linh/Desktop/data/tete/original/Tete_027.JPG
228	160	142	154	225	130	148	125	221	97	154	93	212	75	167	74	207	54	173	53	/home/linh/Desktop/data/tete/original/Tete_028.JPG
224	159	144	159	221	134	148	134	217	103	149	105	204	81	162	83	197	61	164	63	/home/linh/Desktop/data/tete/original/Tete_029.JPG
231	135	142	132	227	103	148	101	222	74	152	74	208	51	165	52	204	32	168	33	/home/linh/Desktop/data/tete/original/Tete_030.JPG
218	123	126	122	213	94	132	93	208	61	136	60	195	37	148	36	191	14	150	14	/home/linh/Desktop/data/tete/original/Tete_031.JPG
203	141	116	143	196	110	121	113	191	81	124	82	178	60	137	61	172	40	139	42	/home/linh/Desktop/data/tete/original/Tete_032.JPG
225	131	126	128	219	100	131	99	214	64	136	64	200	39	150	40	193	16	154	16	/home/linh/Desktop/data/tete/original/Tete_033.JPG
220	151	140	152	216	124	143	126	213	94	146	94	201	78	159	77	197	56	161	57	/home/linh/Desktop/data/tete/original/Tete_034.JPG
231	117	136	118	225	87	142	88	221	56	143	57	206	31	158	33	200	9	162	10	/home/linh/Desktop/data/tete/original/Tete_035.JPG
213	136	131	127	215	104	139	97	213	72	143	66	203	49	158	46	200	29	163	27	/home/linh/Desktop/data/tete/original/Tete_036.JPG
225	124	130	117	223	91	137	85	221	59	143	53	209	30	159	29	204	9	166	8	/home/linh/Desktop/data/tete/original/Tete_037.JPG
220	129	133	132	215	101	137	104	210	69	140	71	197	46	153	49	192	25	153	28	/home/linh/Desktop/data/tete/original/Tete_038.JPG
225	142	129	142	220	111	134	112	214	80	138	80	198	55	150	56	190	34	155	34	/home/linh/Desktop/data/tete/original/Tete_039.JPG
211	136	125	137	205	109	131	110	200	78	134	79	187	56	145	57	183	37	145	38	/home/linh/Desktop/data/tete/original/Tete_040.JPG
223	123	135	120	220	95	139	94	213	60	146	59	203	41	157	42	196	18	161	18	/home/linh/Desktop/data/tete/original/Tete_041.JPG
218	128	125	133	209	97	130	102	202	64	132	68	188	41	143	45	178	19	145	23	/home/linh/Desktop/data/tete/original/Tete_042.JPG
228	121	137	120	224	93	142	90	219	59	147	56	208	36	158	36	200	15	161	16	/home/linh/Desktop/data/tete/original/Tete_043.JPG
216	147	129	142	214	117	135	113	209	86	139	83	197	63	151	63	191	46	154	46	/home/linh/Desktop/data/tete/original/Tete_044.JPG
219	134	135	131	216	103	141	100	213	76	143	74	200	53	155	52	192	32	161	32	/home/linh/Desktop/data/tete/original/Tete_045.JPG
204	145	117	139	201	114	123	107	200	81	131	78	187	59	145	57	185	38	151	36	/home/linh/Desktop/data/tete/original/Tete_046.JPG
233	126	149	126	226	99	153	100	220	71	157	71	208	50	169	52	202	31	172	33	/home/linh/Desktop/data/tete/original/Tete_047.JPG
202	133	119	128	200	102	124	98	199	72	130	66	188	48	144	45	185	28	149	27	/home/linh/Desktop/data/tete/original/Tete_048.JPG
228	139	136	147	221	110	138	116	212	76	140	82	198	54	150	59	191	34	150	38	/home/linh/Desktop/data/tete/original/Tete_049.JPG
216	148	131	150	212	119	134	120	209	89	138	88	197	65	150	68	190	46	153	48	/home/linh/Desktop/data/tete/original/Tete_050.JPG
216	144	129	142	214	117	136	112	212	85	139	81	198	61	153	59	192	40	156	39	/home/linh/Desktop/data/tete/original/Tete_051.JPG
224	130	138	129	220	100	143	99	215	68	146	66	202	45	159	47	198	25	161	26	/home/linh/Desktop/data/tete/original/Tete_052.JPG
213	124	123	121	208	96	129	94	204	66	133	64	193	42	145	43	186	21	149	21	/home/linh/Desktop/data/tete/original/Tete_053.JPG
223	129	143	135	217	100	144	104	212	70	142	74	199	48	155	51	191	29	155	31	/home/linh/Desktop/data/tete/original/Tete_054.JPG
227	154	131	153	221	124	136	122	218	91	140	88	203	65	153	63	197	42	156	42	/home/linh/Desktop/data/tete/original/Tete_055.JPG
221	151	137	148	217	124	142	119	216	93	147	89	205	70	161	69	201	51	167	50	/home/linh/Desktop/data/tete/original/Tete_056.JPG
214	136	124	132	211	105	130	102	206	77	133	75	192	53	147	52	187	35	149	34	/home/linh/Desktop/data/tete/original/Tete_057.JPG
230	145	142	147	224	114	146	116	219	87	150	89	205	67	163	69	202	49	165	50	/home/linh/Desktop/data/tete/original/Tete_058.JPG
228	141	130	140	224	109	136	107	218	80	140	77	204	52	153	53	197	33	157	33	/home/linh/Desktop/data/tete/original/Tete_059.JPG
213	120	123	112	210	92	129	84	209	62	136	56	198	37	152	34	196	18	156	15	/home/linh/Desktop/data/tete/original/Tete_060.JPG
218	124	129	132	211	95	132	101	206	68	131	73	188	42	142	47	180	22	143	26	/home/linh/Desktop/data/tete/original/Tete_061.JPG
226	143	130	136	223	112	137	106	219	81	144	77	207	58	160	56	202	38	166	37	/home/linh/Desktop/data/tete/original/Tete_062.JPG
229	125	142	126	226	97	147	97	221	68	149	67	210	44	162	45	204	26	166	26	/home/linh/Desktop/data/tete/original/Tete_063.JPG
232	127	147	122	229	96	154	91	227	66	157	63	216	44	171	42	212	24	175	22	/home/linh/Desktop/data/tete/original/Tete_064.JPG
221	137	137	133	217	110	142	109	213	79	146	78	200	56	158	56	193	37	162	38	/home/linh/Desktop/data/tete/original/Tete_065.JPG
219	143	134	141	216	114	139	111	212	84	142	81	199	58	155	58	193	36	158	36	/home/linh/Desktop/data/tete/original/Tete_066.JPG
216	145	124	149	210	114	127	118	204	84	130	88	190	61	142	65	185	39	143	42	/home/linh/Desktop/data/tete/original/Tete_067.JPG
222	124	138	122	220	93	143	93	208	60	142	63	197	41	154	42	190	20	156	21	/home/linh/Desktop/data/tete/original/Tete_068.JPG
189	145	97	146	183	117	102	118	176	84	104	86	163	62	117	65	155	41	121	43	/home/linh/Desktop/data/tete/original/Tete_069.JPG
208	135	118	130	204	105	125	101	203	76	130	70	189	49	145	49	184	28	149	28	/home/linh/Desktop/data/tete/original/Tete_070.JPG
218	130	125	127	213	101	132	96	211	70	138	67	198	45	150	44	192	24	155	24	/home/linh/Desktop/data/tete/original/Tete_071.JPG
226	157	134	153	222	126	140	122	217	96	146	92	204	73	158	72	197	55	171	54	/home/linh/Desktop/data/tete/original/Tete_072.JPG
214	146	135	140	212	120	138	113	212	90	143	85	201	67	157	66	197	48	161	46	/home/linh/Desktop/data/tete/original/Tete_073.JPG
230	125	145	126	223	95	148	97	219	65	151	66	205	44	162	46	199	24	165	25	/home/linh/Desktop/data/tete/original/Tete_074.JPG
225	127	138	122	221	99	146	97	214	65	148	66	204	44	161	44	199	25	164	24	/home/linh/Desktop/data/tete/original/Tete_075.JPG
222	162	143	156	221	133	149	128	221	106	150	104	209	83	167	82	207	65	170	64	/home/linh/Desktop/data/tete/original/Tete_076.JPG
211	148	125	146	207	120	129	119	201	85	133	86	190	64	144	65	185	46	147	46	/home/linh/Desktop/data/tete/original/Tete_077.JPG
203	127	125	124	200	100	130	98	196	71	133	69	185	51	146	51	182	32	148	33	/home/linh/Desktop/data/tete/original/Tete_078.JPG
208	141	122	145	204	112	123	116	198	81	123	86	182	57	136	61	175	36	138	39	/home/linh/Desktop/data/tete/original/Tete_079.JPG
212	136	124	138	207	104	128	106	202	74	132	75	190	50	143	51	184	29	149	29	/home/linh/Desktop/data/tete/original/Tete_080.JPG
215	137	118	141	210	106	122	109	202	73	125	77	187	50	138	53	179	26	140	28	/home/linh/Desktop/data/tete/original/Tete_081.JPG
208	141	120	124	209	112	130	94	212	81	142	66	206	54	161	44	208	32	168	24	/home/linh/Desktop/data/tete/original/Tete_082.JPG
231	153	139	147	229	122	146	117	225	91	153	86	213	67	167	65	210	45	171	43	/home/linh/Desktop/data/tete/original/Tete_083.JPG
230	138	143	130	229	109	152	101	226	73	158	69	217	50	171	48	212	28	175	27	/home/linh/Desktop/data/tete/original/Tete_084.JPG
234	151	143	147	229	122	150	118	226	89	153	86	214	65	168	63	209	41	172	41	/home/linh/Desktop/data/tete/original/Tete_085.JPG
219	159	132	156	215	129	138	126	212	100	145	94	201	76	156	77	196	56	160	57	/home/linh/Desktop/data/tete/original/Tete_086.JPG
230	140	144	134	229	113	150	108	225	81	155	77	212	57	168	55	208	35	170	34	/home/linh/Desktop/data/tete/original/Tete_087.JPG
218	135	132	127	217	105	138	98	215	73	145	67	206	49	160	47	202	29	167	27	/home/linh/Desktop/data/tete/original/Tete_088.JPG
225	127	137	123	222	96	142	93	220	67	146	64	207	43	161	42	204	23	166	22	/home/linh/Desktop/data/tete/original/Tete_089.JPG
217	138	129	133	214	108	135	104	211	77	140	73	199	52	153	50	194	32	158	31	/home/linh/Desktop/data/tete/original/Tete_090.JPG
229	123	134	125	224	92	138	93	218	61	144	61	204	37	157	39	197	13	160	14	/home/linh/Desktop/data/tete/original/Tete_091.JPG
223	146	140	143	222	116	146	112	220	89	149	85	208	63	162	61	203	42	166	41	/home/linh/Desktop/data/tete/original/Tete_092.JPG
213	130	126	136	208	101	129	106	201	70	130	74	187	47	140	50	178	26	142	29	/home/linh/Desktop/data/tete/original/Tete_093.JPG
228	146	142	140	224	116	148	111	223	87	153	81	210	62	168	60	206	42	174	40	/home/linh/Desktop/data/tete/original/Tete_094.JPG
204	132	117	135	198	104	121	107	194	74	124	76	181	53	136	56	174	31	138	33	/home/linh/Desktop/data/tete/original/Tete_095.JPG
231	133	142	140	224	103	144	108	213	70	145	78	200	51	156	55	192	28	157	30	/home/linh/Desktop/data/tete/original/Tete_096.JPG
223	137	130	135	219	104	136	103	216	75	139	72	203	49	154	48	197	27	160	26	/home/linh/Desktop/data/tete/original/Tete_097.JPG
231	144	146	150	225	115	149	120	219	86	150	92	208	65	162	73	196	48	164	52	/home/linh/Desktop/data/tete/original/Tete_098.JPG
229	129	131	126	226	97	138	95	224	65	143	62	210	37	157	37	204	11	162	12	/home/linh/Desktop/data/tete/original/Tete_099.JPG
209	140	120	139	206	109	125	107	201	81	128	81	187	60	143	59	182	43	145	43	/home/linh/Desktop/data/tete/original/Tete_100.JPG
216	142	127	136	214	113	134	108	212	82	140	77	201	56	154	54	196	35	159	33	/home/linh/Desktop/data/tete/original/Tete_101.JPG
226	126	135	122	222	95	141	93	220	66	146	64	209	40	159	41	200	19	162	21	/home/linh/Desktop/data/tete/original/Tete_102.JPG
209	132	119	129	208	104	124	100	203	76	129	71	192	49	145	47	188	27	149	26	/home/linh/Desktop/data/tete/original/Tete_103.JPG
201	132	113	128	200	102	120	99	197	72	125	69	184	48	139	47	178	26	143	26	/home/linh/Desktop/data/tete/original/Tete_104.JPG
234	120	143	112	231	89	150	82	229	61	152	55	215	36	167	32	206	14	171	14	/home/linh/Desktop/data/tete/original/Tete_105.JPG
211	136	122	130	208	104	129	100	205	74	132	71	194	49	148	48	188	28	151	28	/home/linh/Desktop/data/tete/original/Tete_106.JPG
229	132	138	131	224	101	145	99	219	74	147	74	207	48	160	50	200	28	164	29	/home/linh/Desktop/data/tete/original/Tete_107.JPG
205	152	111	152	201	122	116	119	196	86	123	85	183	62	134	63	176	39	138	40	/home/linh/Desktop/data/tete/original/Tete_108.JPG
222	138	130	145	216	110	134	116	209	78	134	84	193	55	147	59	187	32	148	37	/home/linh/Desktop/data/tete/original/Tete_109.JPG
213	147	129	148	209	120	133	118	204	87	136	89	191	65	147	66	186	45	148	46	/home/linh/Desktop/data/tete/original/Tete_110.JPG
231	128	139	133	224	100	143	104	215	70	144	76	199	49	155	53	189	29	157	34	/home/linh/Desktop/data/tete/original/Tete_111.JPG
230	146	139	140	225	112	146	110	222	84	150	81	210	59	165	60	204	38	171	38	/home/linh/Desktop/data/tete/original/Tete_112.JPG
233	143	136	148	227	113	140	117	218	81	142	84	202	57	154	61	193	36	156	40	/home/linh/Desktop/data/tete/original/Tete_113.JPG
220	143	130	142	215	113	136	112	211	86	140	85	198	64	153	64	194	48	157	47	/home/linh/Desktop/data/tete/original/Tete_114.JPG
211	127	128	120	209	97	134	92	207	66	141	60	196	43	153	41	193	23	158	22	/home/linh/Desktop/data/tete/original/Tete_115.JPG
226	131	144	134	220	100	147	102	214	71	149	74	201	51	161	54	195	32	162	33	/home/linh/Desktop/data/tete/original/Tete_116.JPG
229	139	140	138	225	107	148	104	217	73	144	73	204	52	159	52	197	30	162	32	/home/linh/Desktop/data/tete/original/Tete_117.JPG
222	123	133	121	216	93	138	91	211	65	141	65	198	41	154	41	191	23	155	24	/home/linh/Desktop/data/tete/original/Tete_118.JPG
230	125	140	126	224	98	144	98	220	68	146	69	204	43	157	46	196	22	160	24	/home/linh/Desktop/data/tete/original/Tete_119.JPG
215	137	136	134	211	108	140	107	209	80	143	80	195	59	156	60	190	43	159	44	/home/linh/Desktop/data/tete/original/Tete_120.JPG
213	134	122	132	209	105	129	104	207	76	133	76	193	52	147	53	187	34	150	35	/home/linh/Desktop/data/tete/original/Tete_121.JPG
231	120	144	119	225	89	150	87	222	62	150	61	208	41	165	41	201	23	165	24	/home/linh/Desktop/data/tete/original/Tete_122.JPG
230	151	140	151	226	122	142	123	219	89	145	92	204	67	158	69	197	46	161	47	/home/linh/Desktop/data/tete/original/Tete_123.JPG
226	112	145	115	222	88	150	88	216	59	151	62	204	38	164	40	199	19	166	21	/home/linh/Desktop/data/tete/original/Tete_124.JPG
236	124	144	128	228	94	147	97	221	64	150	66	205	41	159	44	197	19	159	23	/home/linh/Desktop/data/tete/original/Tete_125.JPG
205	139	114	132	204	108	120	101	200	70	128	69	192	50	144	47	188	28	150	26	/home/linh/Desktop/data/tete/original/Tete_126.JPG
221	145	137	145	221	116	142	115	217	85	144	83	203	60	158	61	197	38	161	38	/home/linh/Desktop/data/tete/original/Tete_127.JPG
209	124	128	119	212	92	132	90	207	60	135	58	193	35	149	36	187	17	150	17	/home/linh/Desktop/data/tete/original/Tete_128.JPG
226	132	132	131	222	105	136	103	217	74	142	70	205	50	154	50	200	26	159	27	/home/linh/Desktop/data/tete/original/Tete_129.JPG
230	121	144	126	223	95	148	97	215	62	147	67	200	43	157	45	192	22	157	26	/home/linh/Desktop/data/tete/original/Tete_130.JPG
226	121	137	120	221	92	142	91	215	61	144	63	202	39	157	39	196	19	159	20	/home/linh/Desktop/data/tete/original/Tete_131.JPG
219	123	138	119	217	96	145	92	216	67	149	62	203	44	163	43	199	24	166	23	/home/linh/Desktop/data/tete/original/Tete_132.JPG
215	118	131	116	210	89	136	89	206	61	140	60	193	39	152	39	188	20	156	21	/home/linh/Desktop/data/tete/original/Tete_133.JPG
228	150	141	143	226	120	150	114	222	86	155	84	212	64	168	62	206	42	172	41	/home/linh/Desktop/data/tete/original/Tete_134.JPG
226	150	133	148	221	120	138	119	215	85	145	85	204	62	158	62	199	38	160	39	/home/linh/Desktop/data/tete/original/Tete_135.JPG
232	113	141	112	226	81	145	82	218	53	145	52	203	30	159	31	195	10	160	13	/home/linh/Desktop/data/tete/original/Tete_136.JPG
228	141	136	138	224	110	143	107	219	80	145	78	206	54	158	55	199	29	161	31	/home/linh/Desktop/data/tete/original/Tete_137.JPG
220	121	132	116	215	91	140	88	212	62	144	58	201	40	157	39	195	21	160	21	/home/linh/Desktop/data/tete/original/Tete_138.JPG
211	131	119	122	209	100	129	91	209	67	134	60	197	40	151	37	193	17	157	15	/home/linh/Desktop/data/tete/original/Tete_139.JPG
236	124	150	131	231	92	153	97	223	64	151	69	206	41	163	46	197	21	164	26	/home/linh/Desktop/data/tete/original/Tete_140.JPG
214	128	122	125	210	98	126	95	207	66	132	64	195	41	146	40	190	19	150	18	/home/linh/Desktop/data/tete/original/Tete_141.JPG
226	120	134	126	220	89	137	94	213	60	141	64	197	41	153	46	192	20	152	24	/home/linh/Desktop/data/tete/original/Tete_142.JPG
209	131	118	136	203	103	124	105	199	73	126	75	185	51	140	55	179	30	143	34	/home/linh/Desktop/data/tete/original/Tete_143.JPG
216	124	132	115	212	97	138	90	214	66	147	60	203	44	160	42	201	26	165	24	/home/linh/Desktop/data/tete/original/Tete_144.JPG
225	153	145	150	222	127	150	124	220	97	154	95	208	77	167	76	203	58	171	58	/home/linh/Desktop/data/tete/original/Tete_145.JPG
217	143	132	149	210	116	135	120	205	87	138	90	190	63	146	67	184	42	148	46	/home/linh/Desktop/data/tete/original/Tete_146.JPG
224	137	136	137	218	110	141	109	219	84	145	77	202	54	158	56	197	33	160	35	/home/linh/Desktop/data/tete/original/Tete_147.JPG
221	142	126	136	215	111	134	106	220	85	139	78	205	55	158	54	201	35	165	34	/home/linh/Desktop/data/tete/original/Tete_148.JPG
208	128	117	134	203	102	120	105	196	67	121	74	180	45	134	48	173	23	136	26	/home/linh/Desktop/data/tete/original/Tete_149.JPG
231	133	149	138	223	105	152	111	217	76	153	80	203	56	161	60	196	37	163	42	/home/linh/Desktop/data/tete/original/Tete_150.JPG
225	128	135	124	221	97	141	95	218	68	147	65	205	44	161	43	201	22	165	21	/home/linh/Desktop/data/tete/original/Tete_151.JPG
222	126	140	124	218	96	146	95	214	69	151	67	203	47	164	48	197	29	169	30	/home/linh/Desktop/data/tete/original/Tete_152.JPG
224	132	135	128	221	106	140	105	217	74	145	72	205	50	161	50	197	29	166	30	/home/linh/Desktop/data/tete/original/Tete_153.JPG
221	166	131	159	217	136	137	131	215	103	144	98	204	78	161	76	200	56	168	55	/home/linh/Desktop/data/tete/original/Tete_154.JPG
233	126	138	127	229	95	141	94	225	61	145	61	211	35	158	37	203	11	164	13	/home/linh/Desktop/data/tete/original/Tete_155.JPG
216	138	121	137	209	106	128	106	205	73	132	72	193	48	146	49	187	25	150	27	/home/linh/Desktop/data/tete/original/Tete_156.JPG
214	138	118	139	208	110	123	110	203	76	128	77	188	52	144	54	181	31	147	33	/home/linh/Desktop/data/tete/original/Tete_157.JPG
229	123	136	128	223	91	140	95	218	60	144	62	205	37	158	40	198	15	161	18	/home/linh/Desktop/data/tete/original/Tete_158.JPG
227	145	134	138	224	114	141	109	221	85	159	64	209	61	162	59	204	41	167	41	/home/linh/Desktop/data/tete/original/Tete_159.JPG
222	138	134	134	218	111	141	107	215	78	146	75	203	55	161	54	196	32	165	32	/home/linh/Desktop/data/tete/original/Tete_160.JPG
210	142	120	143	205	114	124	116	200	81	125	84	184	59	138	61	176	36	141	39	/home/linh/Desktop/data/tete/original/Tete_161.JPG
217	132	126	142	210	103	129	110	199	69	129	76	183	47	138	53	171	26	138	31	/home/linh/Desktop/data/tete/original/Tete_162.JPG
221	144	128	135	221	113	134	105	217	80	141	74	206	55	155	52	201	33	163	30	/home/linh/Desktop/data/tete/original/Tete_163.JPG
221	148	135	150	217	117	137	120	211	84	139	87	197	62	151	65	189	41	154	43	/home/linh/Desktop/data/tete/original/Tete_164.JPG
225	132	136	133	220	102	140	104	215	71	143	72	202	49	155	51	196	26	161	27	/home/linh/Desktop/data/tete/original/Tete_165.JPG
217	138	128	138	213	107	133	105	210	74	137	73	197	49	150	51	191	27	154	29	/home/linh/Desktop/data/tete/original/Tete_166.JPG
227	136	130	143	220	106	132	113	210	70	134	77	195	48	146	52	185	25	149	29	/home/linh/Desktop/data/tete/original/Tete_167.JPG
219	148	127	149	213	117	132	120	208	83	136	83	196	61	150	62	189	38	156	39	/home/linh/Desktop/data/tete/original/Tete_168.JPG
216	153	123	147	211	125	129	121	209	91	139	85	198	67	152	65	194	42	158	43	/home/linh/Desktop/data/tete/original/Tete_169.JPG
218	139	133	147	212	112	138	119	204	79	138	86	190	59	147	64	181	37	149	41	/home/linh/Desktop/data/tete/original/Tete_170.JPG
230	130	146	130	227	102	149	103	221	71	153	71	209	51	164	53	202	33	167	33	/home/linh/Desktop/data/tete/original/Tete_171.JPG
227	140	132	139	223	111	138	109	221	78	142	76	205	53	158	52	199	31	162	31	/home/linh/Desktop/data/tete/original/Tete_172.JPG
229	128	133	124	226	97	141	93	224	67	147	62	210	39	162	37	206	18	166	17	/home/linh/Desktop/data/tete/original/Tete_173.JPG
228	156	138	158	222	126	143	127	216	96	149	98	204	76	160	77	198	56	163	57	/home/linh/Desktop/data/tete/original/Tete_174.JPG
224	140	133	149	216	111	135	119	209	81	134	88	193	58	145	63	183	35	148	39	/home/linh/Desktop/data/tete/original/Tete_175.JPG
208	141	121	136	202	109	128	105	202	79	136	75	191	56	149	55	190	35	152	35	/home/linh/Desktop/data/tete/original/Tete_176.JPG
225	140	135	135	221	109	142	105	219	78	148	74	206	53	163	52	204	30	166	30	/home/linh/Desktop/data/tete/original/Tete_177.JPG
219	136	131	135	215	105	137	104	212	78	141	77	201	54	155	54	196	34	157	34	/home/linh/Desktop/data/tete/original/Tete_178.JPG
217	147	125	142	214	117	132	112	213	84	138	80	202	58	153	57	199	35	157	34	/home/linh/Desktop/data/tete/original/Tete_179.JPG
212	123	123	126	205	91	125	95	202	60	129	62	190	35	141	38	184	12	145	15	/home/linh/Desktop/data/tete/original/Tete_180.JPG
234	152	139	157	227	122	140	128	218	88	142	92	202	63	154	68	193	41	155	44	/home/linh/Desktop/data/tete/original/Tete_181.JPG
188	135	98	132	184	103	104	100	182	71	108	69	169	46	122	46	165	25	126	24	/home/linh/Desktop/data/tete/original/Tete_182.JPG
208	135	119	138	203	108	123	110	198	73	125	76	185	50	138	53	178	27	137	29	/home/linh/Desktop/data/tete/original/Tete_183.JPG
210	138	125	145	205	111	128	118	197	80	130	86	182	60	140	64	175	41	140	44	/home/linh/Desktop/data/tete/original/Tete_184.JPG
228	132	135	135	223	104	138	106	215	70	141	73	201	47	153	50	194	24	154	26	/home/linh/Desktop/data/tete/original/Tete_185.JPG
227	147	138	146	222	119	143	117	218	83	148	84	208	62	162	62	201	38	165	39	/home/linh/Desktop/data/tete/original/Tete_186.JPG
221	141	134	137	217	112	140	108	215	83	145	80	202	61	159	60	197	41	162	40	/home/linh/Desktop/data/tete/original/Tete_187.JPG
210	136	127	126	210	104	134	97	210	77	142	69	201	52	157	48	199	35	164	31	/home/linh/Desktop/data/tete/original/Tete_188.JPG
213	145	123	142	209	114	127	111	207	84	133	82	197	61	148	61	192	39	153	39	/home/linh/Desktop/data/tete/original/Tete_189.JPG
219	136	130	141	212	108	134	113	207	74	134	78	193	50	147	53	188	27	148	31	/home/linh/Desktop/data/tete/original/Tete_190.JPG
229	141	133	138	224	110	138	108	220	78	142	78	207	54	158	54	201	33	163	33	/home/linh/Desktop/data/tete/original/Tete_191.JPG
218	120	132	123	212	92	135	94	208	63	139	64	196	41	151	44	188	21	154	23	/home/linh/Desktop/data/tete/original/Tete_192.JPG
226	147	137	147	222	119	142	119	217	87	144	89	203	64	158	65	194	40	158	43	/home/linh/Desktop/data/tete/original/Tete_193.JPG
229	146	141	144	224	118	146	116	221	86	149	85	208	63	161	62	202	43	165	44	/home/linh/Desktop/data/tete/original/Tete_194.JPG
204	123	120	132	198	98	121	105	191	69	122	75	176	48	133	53	169	29	133	33	/home/linh/Desktop/data/tete/original/Tete_195.JPG
214	146	129	135	214	117	135	108	211	80	143	74	202	61	158	55	197	39	164	36	/home/linh/Desktop/data/tete/original/Tete_196.JPG
223	157	130	149	221	126	137	119	218	96	145	90	205	71	160	69	201	51	164	49	/home/linh/Desktop/data/tete/original/Tete_197.JPG
213	138	124	132	211	108	133	102	207	79	138	75	195	57	152	55	190	37	156	37	/home/linh/Desktop/data/tete/original/Tete_198.JPG
222	133	133	138	214	104	136	110	206	74	136	83	193	53	149	58	185	32	149	37	/home/linh/Desktop/data/tete/original/Tete_199.JPG
213	146	122	147	207	115	128	115	204	83	132	82	191	59	145	61	187	39	149	41	/home/linh/Desktop/data/tete/original/Tete_200.JPG
231	135	135	140	223	104	138	110	217	72	142	76	202	50	155	53	195	27	159	28	/home/linh/Desktop/data/tete/original/Tete_201.JPG
220	135	131	140	214	106	134	109	207	73	137	78	193	50	149	54	187	27	150	31	/home/linh/Desktop/data/tete/original/Tete_202.JPG
211	140	115	140	207	109	121	110	202	78	124	78	188	54	140	54	184	31	144	32	/home/linh/Desktop/data/tete/original/Tete_203.JPG
206	139	121	141	199	111	126	114	194	79	130	82	181	58	140	61	174	40	144	42	/home/linh/Desktop/data/tete/original/Tete_204.JPG
222	120	135	120	218	91	139	90	217	62	143	61	205	38	158	39	201	17	163	17	/home/linh/Desktop/data/tete/original/Tete_205.JPG
223	121	133	128	215	93	135	99	210	64	138	69	195	42	151	47	191	23	153	27	/home/linh/Desktop/data/tete/original/Tete_206.JPG
232	140	145	139	229	110	149	109	218	80	150	81	205	61	163	63	200	44	165	44	/home/linh/Desktop/data/tete/original/Tete_207.JPG
218	151	130	150	214	120	134	120	213	89	139	89	200	66	153	67	194	48	159	49	/home/linh/Desktop/data/tete/original/Tete_208.JPG
215	138	126	125	215	110	134	98	219	82	143	67	208	50	160	46	208	31	171	25	/home/linh/Desktop/data/tete/original/Tete_209.JPG
214	147	128	142	212	116	134	112	211	87	141	82	199	63	156	62	194	41	163	41	/home/linh/Desktop/data/tete/original/Tete_210.JPG
220	143	127	145	214	113	132	113	210	82	135	83	197	58	149	58	191	36	153	38	/home/linh/Desktop/data/tete/original/Tete_211.JPG
211	133	119	129	208	102	126	99	205	73	130	69	194	47	146	47	189	28	150	27	/home/linh/Desktop/data/tete/original/Tete_212.JPG
205	141	113	133	203	109	121	100	203	75	130	69	193	50	144	47	189	28	149	25	/home/linh/Desktop/data/tete/original/Tete_213.JPG
226	132	132	132	221	99	139	98	216	70	142	69	203	46	156	47	198	26	158	28	/home/linh/Desktop/data/tete/original/Tete_214.JPG
216	142	129	134	215	110	135	103	215	80	142	73	204	53	158	51	202	33	162	31	/home/linh/Desktop/data/tete/original/Tete_215.JPG
228	145	141	142	226	114	146	111	221	83	147	86	208	59	164	59	203	37	166	38	/home/linh/Desktop/data/tete/original/Tete_216.JPG
216	159	124	147	216	129	132	119	216	98	141	88	206	71	158	65	204	48	165	45	/home/linh/Desktop/data/tete/original/Tete_217.JPG
216	146	129	148	210	117	132	118	205	84	135	87	191	62	147	65	186	41	147	44	/home/linh/Desktop/data/tete/original/Tete_218.JPG
229	148	145	149	224	119	150	120	219	90	150	91	206	68	162	69	202	48	162	48	/home/linh/Desktop/data/tete/original/Tete_219.JPG
227	125	138	125	223	97	142	96	216	65	146	66	204	43	158	44	197	22	162	23	/home/linh/Desktop/data/tete/original/Tete_220.JPG
209	136	119	132	206	105	125	101	205	77	134	71	193	52	148	51	191	32	154	31	/home/linh/Desktop/data/tete/original/Tete_221.JPG
225	137	134	135	220	110	141	107	218	80	146	78	206	57	160	57	201	38	166	38	/home/linh/Desktop/data/tete/original/Tete_222.JPG
224	124	132	125	220	94	136	95	215	67	140	67	203	43	153	45	196	26	156	27	/home/linh/Desktop/data/tete/original/Tete_223.JPG
218	144	126	141	214	111	131	110	211	83	136	81	198	60	152	60	194	37	156	37	/home/linh/Desktop/data/tete/original/Tete_224.JPG
220	132	128	134	216	99	131	101	211	70	134	72	196	45	149	45	190	20	150	23	/home/linh/Desktop/data/tete/original/Tete_225.JPG
218	144	131	145	213	114	133	117	208	81	135	83	194	58	148	61	186	35	152	37	/home/linh/Desktop/data/tete/original/Tete_226.JPG
223	136	131	132	220	104	137	100	219	73	142	70	205	49	157	48	201	26	163	25	/home/linh/Desktop/data/tete/original/Tete_227.JPG
215	125	126	132	209	96	128	102	205	66	131	71	190	41	143	47	182	22	147	26	/home/linh/Desktop/data/tete/original/Tete_228.JPG
216	135	125	135	209	108	131	105	207	79	136	77	194	54	148	55	188	34	155	35	/home/linh/Desktop/data/tete/original/Tete_229.JPG
227	138	137	140	222	109	144	108	217	82	145	82	203	58	158	61	197	40	161	41	/home/linh/Desktop/data/tete/original/Tete_230.JPG
206	147	119	143	202	119	126	115	200	89	131	85	190	66	146	66	187	46	153	44	/home/linh/Desktop/data/tete/original/Tete_231.JPG
219	136	134	131	217	105	140	101	215	77	145	74	202	55	157	55	199	37	161	36	/home/linh/Desktop/data/tete/original/Tete_232.JPG
218	138	122	141	210	109	126	109	205	79	130	80	190	54	144	57	184	32	149	33	/home/linh/Desktop/data/tete/original/Tete_233.JPG
216	129	125	121	213	95	132	91	213	67	136	63	200	42	151	40	196	21	156	20	/home/linh/Desktop/data/tete/original/Tete_234.JPG
217	145	126	141	212	114	132	111	211	84	139	78	199	57	152	57	194	35	157	34	/home/linh/Desktop/data/tete/original/Tete_235.JPG
208	142	119	131	207	112	127	103	208	82	132	72	198	57	150	53	194	37	161	33	/home/linh/Desktop/data/tete/original/Tete_236.JPG
217	149	124	157	211	122	127	127	207	93	128	94	191	68	143	72	184	49	144	53	/home/linh/Desktop/data/tete/original/Tete_237.JPG
221	142	128	144	215	111	132	112	212	79	136	80	198	54	150	57	194	36	154	36	/home/linh/Desktop/data/tete/original/Tete_238.JPG
212	141	118	136	209	110	124	108	205	80	133	76	194	54	147	54	192	33	152	33	/home/linh/Desktop/data/tete/original/Tete_239.JPG
205	140	117	141	200	109	122	110	198	80	128	80	185	56	141	59	183	36	144	37	/home/linh/Desktop/data/tete/original/Tete_240.JPG
212	125	120	125	207	96	125	98	202	69	130	69	190	45	143	46	183	26	149	26	/home/linh/Desktop/data/tete/original/Tete_241.JPG
222	124	138	122	216	96	143	93	218	71	146	68	208	49	161	49	205	32	168	32	/home/linh/Desktop/data/tete/original/Tete_242.JPG
217	152	127	147	215	121	131	118	214	88	138	82	201	63	154	63	198	40	160	39	/home/linh/Desktop/data/tete/original/Tete_243.JPG
198	128	111	127	195	98	116	98	194	70	123	67	182	48	137	50	179	29	141	30	/home/linh/Desktop/data/tete/original/Tete_244.JPG
213	136	123	136	207	107	130	105	204	78	133	77	192	54	147	57	188	32	150	33	/home/linh/Desktop/data/tete/original/Tete_245.JPG
217	137	132	140	213	107	135	110	211	77	141	78	197	55	154	57	193	37	158	38	/home/linh/Desktop/data/tete/original/Tete_246.JPG
226	134	132	138	218	104	135	107	210	72	137	79	196	51	149	55	191	30	149	35	/home/linh/Desktop/data/tete/original/Tete_247.JPG
220	125	132	129	214	94	136	98	212	65	141	67	197	44	152	47	192	25	156	27	/home/linh/Desktop/data/tete/original/Tete_248.JPG
207	137	116	130	204	106	124	100	205	76	130	70	193	48	146	47	190	27	154	26	/home/linh/Desktop/data/tete/original/Tete_249.JPG
221	151	132	149	217	120	137	118	216	90	142	88	202	65	157	65	198	45	161	44	/home/linh/Desktop/data/tete/original/Tete_250.JPG
225	130	132	128	221	101	138	99	218	72	142	69	205	47	158	46	200	23	160	24	/home/linh/Desktop/data/tete/original/Tete_251.JPG
218	141	132	144	213	110	135	113	209	78	140	78	198	54	152	56	192	30	157	33	/home/linh/Desktop/data/tete/original/Tete_252.JPG
205	154	116	151	203	124	122	120	201	92	128	87	190	66	143	65	186	43	147	43	/home/linh/Desktop/data/tete/original/Tete_253.JPG
216	147	128	145	211	119	132	116	208	89	138	86	196	67	152	67	191	47	156	47	/home/linh/Desktop/data/tete/original/Tete_254.JPG
213	141	121	143	207	111	125	114	203	80	127	84	189	56	142	59	182	32	146	36	/home/linh/Desktop/data/tete/original/Tete_255.JPG
214	162	125	165	208	130	129	134	204	101	130	103	190	78	144	80	184	58	147	60	/home/linh/Desktop/data/tete/original/Tete_256.JPG
222	147	129	149	217	116	134	116	211	83	136	85	196	58	149	61	190	38	151	40	/home/linh/Desktop/data/tete/original/Tete_257.JPG
223	142	135	143	218	112	139	113	214	82	142	82	199	57	155	60	194	38	157	39	/home/linh/Desktop/data/tete/original/Tete_258.JPG
214	136	125	141	209	108	128	113	202	79	130	83	187	57	143	60	181	37	147	39	/home/linh/Desktop/data/tete/original/Tete_259.JPG
222	131	132	137	216	100	134	106	208	72	135	77	193	50	147	54	186	32	147	34	/home/linh/Desktop/data/tete/original/Tete_260.JPG
224	137	133	136	221	107	139	106	218	79	144	77	205	54	159	54	201	34	166	34	/home/linh/Desktop/data/tete/original/Tete_261.JPG
218	144	132	141	216	116	136	113	212	86	141	83	199	65	155	65	193	45	159	46	/home/linh/Desktop/data/tete/original/Tete_262.JPG
218	124	125	124	214	95	129	94	213	67	134	65	197	40	149	41	193	21	153	21	/home/linh/Desktop/data/tete/original/Tete_263.JPG
220	139	136	135	216	111	142	108	213	78	148	76	203	58	160	57	201	39	162	40	/home/linh/Desktop/data/tete/original/Tete_264.JPG
223	141	136	134	221	112	143	106	221	84	146	79	208	61	162	58	205	42	167	39	/home/linh/Desktop/data/tete/original/Tete_265.JPG
214	136	120	134	208	104	128	102	205	72	132	73	193	51	147	50	188	30	151	30	/home/linh/Desktop/data/tete/original/Tete_266.JPG
220	137	124	143	213	108	129	112	208	76	131	80	192	52	145	56	185	31	149	33	/home/linh/Desktop/data/tete/original/Tete_267.JPG
221	148	134	141	218	117	143	111	217	88	148	82	207	62	164	61	204	43	169	42	/home/linh/Desktop/data/tete/original/Tete_268.JPG
205	130	119	126	203	102	123	98	201	72	129	68	190	48	145	48	186	26	151	27	/home/linh/Desktop/data/tete/original/Tete_269.JPG
194	143	105	146	186	115	106	116	182	84	111	86	168	62	124	65	163	43	126	44	/home/linh/Desktop/data/tete/original/Tete_270.JPG
219	133	128	128	217	104	134	98	213	70	142	66	202	45	155	44	197	23	160	22	/home/linh/Desktop/data/tete/original/Tete_271.JPG
216	142	127	140	211	109	130	109	210	79	136	77	197	54	152	55	194	34	154	34	/home/linh/Desktop/data/tete/original/Tete_272.JPG
209	133	121	126	208	102	128	96	206	71	134	66	196	46	149	43	194	23	155	21	/home/linh/Desktop/data/tete/original/Tete_273.JPG
216	140	131	139	212	112	136	110	212	84	140	84	200	62	155	62	196	41	160	42	/home/linh/Desktop/data/tete/original/Tete_274.JPG
220	149	128	142	219	122	136	113	218	87	143	79	208	61	160	59	207	37	165	34	/home/linh/Desktop/data/tete/original/Tete_275.JPG
220	154	138	151	218	124	142	122	217	94	147	90	207	69	160	69	201	48	166	48	/home/linh/Desktop/data/tete/original/Tete_276.JPG
231	159	142	158	226	133	149	130	222	99	153	98	210	76	165	76	205	54	170	54	/home/linh/Desktop/data/tete/original/Tete_277.JPG
226	142	138	142	224	113	141	112	218	83	147	80	205	58	159	58	202	38	164	38	/home/linh/Desktop/data/tete/original/Tete_278.JPG
224	142	137	136	222	115	144	107	221	83	152	76	210	58	168	56	207	37	173	36	/home/linh/Desktop/data/tete/original/Tete_279.JPG
212	122	126	119	210	94	130	90	208	62	135	60	195	37	151	36	191	17	155	18	/home/linh/Desktop/data/tete/original/Tete_280.JPG
224	134	129	130	221	103	135	99	216	69	141	67	203	43	154	43	194	20	156	21	/home/linh/Desktop/data/tete/original/Tete_281.JPG
216	144	124	137	213	112	132	106	212	85	137	78	200	59	155	56	193	38	164	37	/home/linh/Desktop/data/tete/original/Tete_282.JPG
224	150	141	149	222	121	144	119	219	89	150	86	208	64	161	65	201	42	166	42	/home/linh/Desktop/data/tete/original/Tete_283.JPG
216	125	128	120	215	94	134	89	213	63	140	59	201	38	156	37	197	20	160	18	/home/linh/Desktop/data/tete/original/Tete_284.JPG
223	126	133	122	220	98	140	93	217	67	147	63	207	43	160	41	203	22	165	21	/home/linh/Desktop/data/tete/original/Tete_285.JPG
223	142	138	140	222	110	143	109	217	80	144	81	203	56	158	58	197	36	162	37	/home/linh/Desktop/data/tete/original/Tete_286.JPG
228	152	133	147	225	120	140	117	221	87	145	84	210	61	159	58	203	41	165	41	/home/linh/Desktop/data/tete/original/Tete_287.JPG
226	133	140	131	221	102	143	100	219	72	147	70	207	49	160	50	200	27	165	28	/home/linh/Desktop/data/tete/original/Tete_288.JPG
227	143	136	136	225	114	144	106	224	80	151	74	212	55	166	51	210	31	170	29	/home/linh/Desktop/data/tete/original/Tete_289.JPG
223	144	133	144	218	113	137	114	214	83	142	82	203	57	155	59	198	37	160	38	/home/linh/Desktop/data/tete/original/Tete_290.JPG
220	156	126	146	217	123	133	117	217	91	141	84	207	64	156	61	204	42	163	39	/home/linh/Desktop/data/tete/original/Tete_291.JPG
222	152	138	147	219	121	143	119	218	89	148	86	207	66	162	65	203	48	166	47	/home/linh/Desktop/data/tete/original/Tete_292.JPG
229	138	141	139	225	112	145	111	219	80	148	81	208	57	162	59	200	37	165	38	/home/linh/Desktop/data/tete/original/Tete_293.JPG
